# #Residential and non-residential floor space within localities, by region. Year 2000 – 2020


# List of SCB API URLs
urls <- c(
  # Example placeholder from before (replace with the ones you already had)
  "https://api.scb.se/ov0104/v2beta/api/v2/tables/TAB4871/data?lang=en&valueCodes[Region]=1082TB108,1081TB101,1081TB102,1080TB101,1081TB112,1081TB107,1083TB101,1080TB102,1081TB103,1080TB103,1080TB104,1080TB121,1060TB101,1080TB105,1081TB104,1083TB112,1081TB113,1080TB106,1080TB107,1082TB105,1082TB101,1083TB102,1083TB103,1081TB105,1080TB108,1060TB102,1081TB106,1082TC102,1080TC109,1060TB103,1080TB110,1081TB108,1083TB114,1080TB122,1083TB104,1083TB105,1082TB103,1083TB106,1083TB107,1080TB111,1080TB112,1060TC104,1083TB108,1080TB113,1081TC109,1081TB110,1080TB114,1080TB117,1080TB115,1080TB118,1081TB111,1080TB116,1082TB109,1082TB104,1083TC109,1082TB106,1080TB119,1080TB123,1080TB163,1080TB120,1083TB110,1060TB105,1083TB111,1082TB107,1080TB142&valueCodes[Typkod]=001,002,003,004&valueCodes[ContentsCode]=000001RW,000001SE&valueCodes[Tid]=2000,2005,2010,2015,2020&codelist[Region]=agg_Blekinge2021&outputValues[Region]=aggregated",
  
  # --- Newly added links ---
  "https://api.scb.se/ov0104/v2beta/api/v2/tables/TAB4871/data?lang=en&valueCodes[Region]=2029TB101,2031TB109,2080TB101,2084TC101,2031TB110,2080TB102,2062TB101,2082TB109,2080TB103,2026TB101,2039TB111,2085TB101,2031TB102,2062TB102,2081TC101,2039TB101,2026TB109,2080TB120,2026TB102,2031TB111,2080TB106,2034TB104,2029TB102,2026TB104,2026TB105,2082TB101,2080TB107,2039TB102,2080TC108,2026TB103,2084TB102,2084TB103,2085TB102,2085TB103,2031TB103,2082TB102,2062TB103,2026TC106,2080TB105,2083TB102,2062TB115,2062TB104,2085TB104,2085TB105,2080TB109,2085TB107,2085TB106,2021TB125,2061TB101,2031TB104,2023TB109,2061TB102,2081TB102,2034TB105,2083TC103,2021TB103,2029TB110,2029TB103,2084TB104,2083TB101,2085TB108,2029TB104,2081TB103,2039TB103,2083TB107,2029TB105,2083TB108,2021TB101,2034TB106,2080TB104,2039TB104,2080TB110,2080TB121,2084TB105,2062TB116,2062TB117,2082TB103,2039TB112,2029TC106,2023TB101,2023TB102,2080TB111,2085TC110,2080TB112,2083TB104,2023TC103,2023TB104,2081TB109,2026TB110,2026TB107,2062TC105,2082TB104,2082TB125,2082TB105,2031TB105,2031TB101,2026TB111,2084TB106,2081TB104,2085TB115,2062TB106,2085TB111,2021TB102,2084TB107,2021TB107,2081TB105,2034TC101,2062TB118,2085TB116,2081TB106,2081TB107,2081TB110,2039TB105,2062TB119,2021TB108,2031TC106,2085TB109,2085TB112,2062TB107,2026TB108,2029TB107,2034TB102,2082TB107,2021TB104,2034TB103,2061TC103,2062TB108,2082TB106,2034TB107,2062TB111,2080TB113,2083TB109,2080TB114,2085TB113,2080TB115,2080TB116,2023TB105,2039TB106,2082TC108,2061TB104,2031TB107,2085TB114,2029TB111,2080TB117,2081TB108,2023TB106,2081TB111,2081TB112,2029TB108,2029TB112,2061TB105,2021TC105,2062TB109,2062TB110,2080TB118,2031TB108,2083TB105,2080TB122,2062TB112,2062TB113,2039TB107,2029TB109,2031TB112,2083TB106,2039TB108,2023TB107,2029TB113,2039TB109,2039TC110,2021TB106,2023TB108,2062TB120,2031TB113,2080TB175,2062TB114,2080TB119,2080TB123&valueCodes[Typkod]=001,002,003,004&valueCodes[ContentsCode]=000001RW,000001SE&valueCodes[Tid]=2000,2005,2010,2015,2020&codelist[Region]=agg_Dalarna2021&outputValues[Region]=aggregated",
  
  "https://api.scb.se/ov0104/v2beta/api/v2/tables/TAB4871/data?lang=en&valueCodes[Region]=0980TB114,0980TB101,0980TB102,0980TB104,0980TB105,0980TB123,0980TB106,0980TB107,0980TB108,0980TB109,0980TB103,0980TB110,0980TB112,0980TB111,0980TB113,0980TB122,0980TB115,0980TB116,0980TB117,0980TB118,0980TC119,0980TB120,0980TB121&valueCodes[Typkod]=001,002,003,004&valueCodes[ContentsCode]=000001RW,000001SE&valueCodes[Tid]=2000,2005,2010,2015,2020&codelist[Region]=agg_Gotland2021&outputValues[Region]=aggregated",
  
  #"https://api.scb.se/ov0104/v2beta/api/v2/tables/TAB4871/data?lang=en&valueCodes[Region]=2121TB101,2183TB101,2180TB123,2181TB101,2180TB101,2180TB102,2132TC101,2182TB101,2104TB104,2180TB103,2104TB105,2183TC102,2132TB110,2180TB104,2184TB101,2121TC102,2184TB106,2184TB102,2180TB106,2180TB105,2184TB103,2183TB103,2184TB104,2180TB107,2161TB101,2132TB102,2181TB102,2180TC108,2180TB109,2181TB103,2161TB113,2180TB110,2180TB120,2132TB103,2132TB107,2132TB104,2180TB111,2161TB102,2181TB104,2104TC101,2182TB114,2184TC105,2161TB103,2184TB107,2183TB104,2181TB114,2184TB108,2132TB105,2181TB105,2101TB101,2181TB106,2161TB104,2132TB106,2183TB105,2182TB129,2121TB103,2161TB105,2181TB107,2161TB114,2161TB106,2180TB112,2101TB102,2161TC107,2182TB102,2161TB108,2183TB106,2180TB113,2184TB109,2182TB104,2182TB103,2182TB105,2184TB110,2161TB110,2182TB115,2180TB114,2180TB115,2184TB142,2184TB111,2101TC103,2121TB104,2161TB111,2161TB116,2183TB107,2104TB102,2104TB106,2161TB109,2121TB105,2121TB106,2182TB106,2181TC108,2184TB113,2183TB108,2183TB109,2182TB107,2181TB115,2132TB108,2181TB109,2184TB114,2132TB109,2182TB116,2180TB116,2182TB108,2182TC109,2184TB112,2161TB112,2161TB115,2104TB103,2180TB117,2180TB118,2182TB110,2182TB113,2180TB119,2183TB110,2182TB111,2182TB112,2121TB107,2181TB110,2180TB121,2101TB104,2181TB111,2181TB112,2181TB116,2181TB141,2181TB117,2181TB113,2180TB122&valueCodes[Typkod]=001,002,003,004&valueCodes[ContentsCode]=000001RW,000001SE&valueCodes[Tid]=2000,2005,2010,2015,2020&codelist[Region]=agg_Gävleborg2021&outputValues[Region]=aggregated",
  
  "https://api.scb.se/ov0104/v2beta/api/v2/tables/TAB4871/data?lang=en&valueCodes[Region]=1384TB102,1384TB103,1382TB101,1384TB129,1383TB115,1384TB104,1383TB101,1384TB105,1380TB101,1382TC102,1382TB103,1384TB106,1384TB107,1384TB108,1380TB102,1380TB103,1381TB101,1380TB104,1383TB102,1382TB104,1384TB109,1380TB105,1380TB106,1384TB110,1384TB111,1384TB112,1380TC107,1380TB108,1381TB102,1380TB109,1382TB105,1383TB103,1381TB103,1384TB113,1384TB114,1380TB110,1383TB104,1315TC101,1315TB102,1384TB115,1381TB104,1383TB149,1384TB116,1384TB117,1383TB105,1380TB111,1382TB106,1381TC105,1315TB103,1380TB112,1384TB118,1381TB106,1382TB108,1382TB107,1383TB107,1381TB107,1382TB109,1383TB106,1382TB141,1384TB119,1380TB113,1382TB110,1383TB108,1384TB120,1315TB104,1381TB108,1384TB101,1380TB114,1380TB115,1380TB116,1382TB111,1381TB109,1382TB113,1382TB112,1381TB110,1383TB109,1383TB155,1382TB114,1380TB122,1380TB117,1384TB121,1384TB122,1383TB113,1383TB110,1383TB111,1315TB105,1383TB112,1380TB118,1383TB114,1383TB116,1380TB119,1383TB117,1382TB115,1315TB106,1383TB118,1381TB111,1384TB123,1383TC119,1384TB124,1383TB120,1381TB112,1382TB116,1384TB125,1380TB120,1382TB117,1382TB118,1381TB113,1383TB121,1384TB127,1381TB114,1380TB121,1383TB122,1382TB119,1384TB126,1383TB123,1382TB120,1382TB121,1384TB128,1384TB164&valueCodes[Typkod]=001,002,003,004&valueCodes[ContentsCode]=000001RW,000001SE&valueCodes[Tid]=2000,2005,2010,2015,2020&codelist[Region]=agg_Halland2021&outputValues[Region]=aggregated",
  #"https://api.scb.se/ov0104/v2beta/api/v2/tables/TAB4871/data?lang=en&valueCodes[Region]=2309TB101,2313TB101,2303TB105,2303TB102,2321TB101,2361TB114,2380TB101,2305TC101,2321TB102,2309TB103,2380TB115,2361TB101,2380TB102,2309TB104,2313TB102,2305TB102,2326TB101,2321TB103,2303TC103,2313TB103,2380TB103,2361TB102,2361TB110,2309TB105,2313TB104,2326TB102,2326TB109,2380TB104,2309TB106,2321TC104,2326TB103,2309TC107,2305TB103,2309TB114,2361TB103,2361TB111,2380TB106,2380TB105,2380TB107,2326TB104,2380TB108,2321TB105,2326TB106,2361TB104,2313TB105,2305TB106,2309TB108,2313TB106,2380TB109,2380TB111,2380TB110,2305TB104,2303TB106,2313TB107,2326TB105,2305TB105,2321TB108,2313TC108,2303TB104,2361TC105,2321TB109,2326TC107,2380TB112,2309TB109,2313TB110,2313TB109,2361TB106,2321TB106,2380TB116,2309TB110,2361TB107,2361TB108,2309TB111,2321TB110,2321TB107,2309TB112,2326TB108,2309TB102,2361TB109,2309TB113,2380TB113,2380TC114,2303TB101,2380TB148&valueCodes[Typkod]=001,002,003,004&valueCodes[ContentsCode]=000001RW,000001SE&valueCodes[Tid]=2000,2005,2010,2015,2020&codelist[Region]=agg_Jämtland2021&outputValues[Region]=aggregated",
